p cnf 45 252
1 2 3 0
4 5 6 0
7 8 9 0
10 11 12 0
13 14 15 0
16 17 18 0
19 20 21 0
22 23 24 0
25 26 27 0
28 29 30 0
31 32 33 0
34 35 36 0
37 38 39 0
40 41 42 0
43 44 45 0
-1 -2 0
-1 -3 0
-2 -3 0
-4 -5 0
-4 -6 0
-5 -6 0
-7 -8 0
-7 -9 0
-8 -9 0
-10 -11 0
-10 -12 0
-11 -12 0
-13 -14 0
-13 -15 0
-14 -15 0
-16 -17 0
-16 -18 0
-17 -18 0
-19 -20 0
-19 -21 0
-20 -21 0
-22 -23 0
-22 -24 0
-23 -24 0
-25 -26 0
-25 -27 0
-26 -27 0
-28 -29 0
-28 -30 0
-29 -30 0
-31 -32 0
-31 -33 0
-32 -33 0
-34 -35 0
-34 -36 0
-35 -36 0
-37 -38 0
-37 -39 0
-38 -39 0
-40 -41 0
-40 -42 0
-41 -42 0
-43 -44 0
-43 -45 0
-44 -45 0
-1 -4 0
-2 -5 0
-3 -6 0
-1 -7 0
-2 -8 0
-3 -9 0
-1 -19 0
-2 -20 0
-3 -21 0
-1 -22 0
-2 -23 0
-3 -24 0
-1 -25 0
-2 -26 0
-3 -27 0
-1 -28 0
-2 -29 0
-3 -30 0
-1 -31 0
-2 -32 0
-3 -33 0
-1 -34 0
-2 -35 0
-3 -36 0
-4 -1 0
-5 -2 0
-6 -3 0
-4 -7 0
-5 -8 0
-6 -9 0
-4 -10 0
-5 -11 0
-6 -12 0
-4 -22 0
-5 -23 0
-6 -24 0
-7 -1 0
-8 -2 0
-9 -3 0
-7 -4 0
-8 -5 0
-9 -6 0
-7 -10 0
-8 -11 0
-9 -12 0
-7 -13 0
-8 -14 0
-9 -15 0
-10 -4 0
-11 -5 0
-12 -6 0
-10 -7 0
-11 -8 0
-12 -9 0
-10 -13 0
-11 -14 0
-12 -15 0
-10 -16 0
-11 -17 0
-12 -18 0
-13 -7 0
-14 -8 0
-15 -9 0
-13 -10 0
-14 -11 0
-15 -12 0
-13 -16 0
-14 -17 0
-15 -18 0
-13 -19 0
-14 -20 0
-15 -21 0
-16 -10 0
-17 -11 0
-18 -12 0
-16 -13 0
-17 -14 0
-18 -15 0
-16 -19 0
-17 -20 0
-18 -21 0
-16 -22 0
-17 -23 0
-18 -24 0
-19 -1 0
-20 -2 0
-21 -3 0
-19 -13 0
-20 -14 0
-21 -15 0
-19 -16 0
-20 -17 0
-21 -18 0
-19 -22 0
-20 -23 0
-21 -24 0
-22 -1 0
-23 -2 0
-24 -3 0
-22 -4 0
-23 -5 0
-24 -6 0
-22 -16 0
-23 -17 0
-24 -18 0
-22 -19 0
-23 -20 0
-24 -21 0
-25 -1 0
-26 -2 0
-27 -3 0
-25 -28 0
-26 -29 0
-27 -30 0
-25 -31 0
-26 -32 0
-27 -33 0
-25 -40 0
-26 -41 0
-27 -42 0
-28 -1 0
-29 -2 0
-30 -3 0
-28 -25 0
-29 -26 0
-30 -27 0
-28 -34 0
-29 -35 0
-30 -36 0
-28 -37 0
-29 -38 0
-30 -39 0
-31 -1 0
-32 -2 0
-33 -3 0
-31 -25 0
-32 -26 0
-33 -27 0
-31 -40 0
-32 -41 0
-33 -42 0
-31 -43 0
-32 -44 0
-33 -45 0
-34 -1 0
-35 -2 0
-36 -3 0
-34 -28 0
-35 -29 0
-36 -30 0
-34 -37 0
-35 -38 0
-36 -39 0
-34 -43 0
-35 -44 0
-36 -45 0
-37 -28 0
-38 -29 0
-39 -30 0
-37 -34 0
-38 -35 0
-39 -36 0
-37 -40 0
-38 -41 0
-39 -42 0
-37 -43 0
-38 -44 0
-39 -45 0
-40 -25 0
-41 -26 0
-42 -27 0
-40 -31 0
-41 -32 0
-42 -33 0
-40 -37 0
-41 -38 0
-42 -39 0
-40 -43 0
-41 -44 0
-42 -45 0
-43 -31 0
-44 -32 0
-45 -33 0
-43 -34 0
-44 -35 0
-45 -36 0
-43 -37 0
-44 -38 0
-45 -39 0
-43 -40 0
-44 -41 0
-45 -42 0