p cnf 72 1623
1 2 3 0
4 5 6 0
7 8 9 0
10 11 12 0
13 14 15 0
16 17 18 0
19 20 21 0
22 23 24 0
25 26 27 0
28 29 30 0
31 32 33 0
34 35 36 0
37 38 39 0
40 41 42 0
43 44 45 0
46 47 48 0
49 50 51 0
52 53 54 0
55 56 57 0
58 59 60 0
61 62 63 0
64 65 66 0
67 68 69 0
70 71 72 0
-1 -2 0
-1 -3 0
-2 -3 0
-4 -5 0
-4 -6 0
-5 -6 0
-7 -8 0
-7 -9 0
-8 -9 0
-10 -11 0
-10 -12 0
-11 -12 0
-13 -14 0
-13 -15 0
-14 -15 0
-16 -17 0
-16 -18 0
-17 -18 0
-19 -20 0
-19 -21 0
-20 -21 0
-22 -23 0
-22 -24 0
-23 -24 0
-25 -26 0
-25 -27 0
-26 -27 0
-28 -29 0
-28 -30 0
-29 -30 0
-31 -32 0
-31 -33 0
-32 -33 0
-34 -35 0
-34 -36 0
-35 -36 0
-37 -38 0
-37 -39 0
-38 -39 0
-40 -41 0
-40 -42 0
-41 -42 0
-43 -44 0
-43 -45 0
-44 -45 0
-46 -47 0
-46 -48 0
-47 -48 0
-49 -50 0
-49 -51 0
-50 -51 0
-52 -53 0
-52 -54 0
-53 -54 0
-55 -56 0
-55 -57 0
-56 -57 0
-58 -59 0
-58 -60 0
-59 -60 0
-61 -62 0
-61 -63 0
-62 -63 0
-64 -65 0
-64 -66 0
-65 -66 0
-67 -68 0
-67 -69 0
-68 -69 0
-70 -71 0
-70 -72 0
-71 -72 0
-1 -4 0
-2 -5 0
-3 -6 0
-1 -7 0
-2 -8 0
-3 -9 0
-1 -10 0
-2 -11 0
-3 -12 0
-1 -13 0
-2 -14 0
-3 -15 0
-1 -16 0
-2 -17 0
-3 -18 0
-1 -19 0
-2 -20 0
-3 -21 0
-1 -22 0
-2 -23 0
-3 -24 0
-1 -25 0
-2 -26 0
-3 -27 0
-1 -28 0
-2 -29 0
-3 -30 0
-1 -31 0
-2 -32 0
-3 -33 0
-1 -34 0
-2 -35 0
-3 -36 0
-1 -37 0
-2 -38 0
-3 -39 0
-1 -40 0
-2 -41 0
-3 -42 0
-1 -43 0
-2 -44 0
-3 -45 0
-1 -46 0
-2 -47 0
-3 -48 0
-1 -49 0
-2 -50 0
-3 -51 0
-1 -52 0
-2 -53 0
-3 -54 0
-1 -55 0
-2 -56 0
-3 -57 0
-1 -58 0
-2 -59 0
-3 -60 0
-1 -61 0
-2 -62 0
-3 -63 0
-1 -64 0
-2 -65 0
-3 -66 0
-1 -67 0
-2 -68 0
-3 -69 0
-1 -70 0
-2 -71 0
-3 -72 0
-4 -1 0
-5 -2 0
-6 -3 0
-4 -7 0
-5 -8 0
-6 -9 0
-4 -10 0
-5 -11 0
-6 -12 0
-4 -13 0
-5 -14 0
-6 -15 0
-4 -16 0
-5 -17 0
-6 -18 0
-4 -19 0
-5 -20 0
-6 -21 0
-4 -22 0
-5 -23 0
-6 -24 0
-4 -25 0
-5 -26 0
-6 -27 0
-4 -28 0
-5 -29 0
-6 -30 0
-4 -31 0
-5 -32 0
-6 -33 0
-4 -34 0
-5 -35 0
-6 -36 0
-4 -37 0
-5 -38 0
-6 -39 0
-4 -40 0
-5 -41 0
-6 -42 0
-4 -43 0
-5 -44 0
-6 -45 0
-4 -46 0
-5 -47 0
-6 -48 0
-4 -49 0
-5 -50 0
-6 -51 0
-4 -52 0
-5 -53 0
-6 -54 0
-4 -55 0
-5 -56 0
-6 -57 0
-4 -58 0
-5 -59 0
-6 -60 0
-4 -61 0
-5 -62 0
-6 -63 0
-4 -64 0
-5 -65 0
-6 -66 0
-4 -67 0
-5 -68 0
-6 -69 0
-7 -1 0
-8 -2 0
-9 -3 0
-7 -4 0
-8 -5 0
-9 -6 0
-7 -10 0
-8 -11 0
-9 -12 0
-7 -13 0
-8 -14 0
-9 -15 0
-7 -16 0
-8 -17 0
-9 -18 0
-7 -19 0
-8 -20 0
-9 -21 0
-7 -22 0
-8 -23 0
-9 -24 0
-7 -25 0
-8 -26 0
-9 -27 0
-7 -28 0
-8 -29 0
-9 -30 0
-7 -31 0
-8 -32 0
-9 -33 0
-7 -34 0
-8 -35 0
-9 -36 0
-7 -37 0
-8 -38 0
-9 -39 0
-7 -40 0
-8 -41 0
-9 -42 0
-7 -43 0
-8 -44 0
-9 -45 0
-7 -46 0
-8 -47 0
-9 -48 0
-7 -49 0
-8 -50 0
-9 -51 0
-7 -52 0
-8 -53 0
-9 -54 0
-7 -55 0
-8 -56 0
-9 -57 0
-7 -58 0
-8 -59 0
-9 -60 0
-7 -61 0
-8 -62 0
-9 -63 0
-7 -64 0
-8 -65 0
-9 -66 0
-7 -67 0
-8 -68 0
-9 -69 0
-10 -1 0
-11 -2 0
-12 -3 0
-10 -4 0
-11 -5 0
-12 -6 0
-10 -7 0
-11 -8 0
-12 -9 0
-10 -13 0
-11 -14 0
-12 -15 0
-10 -16 0
-11 -17 0
-12 -18 0
-10 -19 0
-11 -20 0
-12 -21 0
-10 -22 0
-11 -23 0
-12 -24 0
-10 -25 0
-11 -26 0
-12 -27 0
-10 -28 0
-11 -29 0
-12 -30 0
-10 -31 0
-11 -32 0
-12 -33 0
-10 -34 0
-11 -35 0
-12 -36 0
-10 -37 0
-11 -38 0
-12 -39 0
-10 -40 0
-11 -41 0
-12 -42 0
-10 -43 0
-11 -44 0
-12 -45 0
-10 -46 0
-11 -47 0
-12 -48 0
-10 -49 0
-11 -50 0
-12 -51 0
-10 -52 0
-11 -53 0
-12 -54 0
-10 -55 0
-11 -56 0
-12 -57 0
-10 -58 0
-11 -59 0
-12 -60 0
-10 -61 0
-11 -62 0
-12 -63 0
-10 -64 0
-11 -65 0
-12 -66 0
-10 -67 0
-11 -68 0
-12 -69 0
-13 -1 0
-14 -2 0
-15 -3 0
-13 -4 0
-14 -5 0
-15 -6 0
-13 -7 0
-14 -8 0
-15 -9 0
-13 -10 0
-14 -11 0
-15 -12 0
-13 -16 0
-14 -17 0
-15 -18 0
-13 -19 0
-14 -20 0
-15 -21 0
-13 -22 0
-14 -23 0
-15 -24 0
-13 -25 0
-14 -26 0
-15 -27 0
-13 -28 0
-14 -29 0
-15 -30 0
-13 -31 0
-14 -32 0
-15 -33 0
-13 -34 0
-14 -35 0
-15 -36 0
-13 -37 0
-14 -38 0
-15 -39 0
-13 -40 0
-14 -41 0
-15 -42 0
-13 -43 0
-14 -44 0
-15 -45 0
-13 -46 0
-14 -47 0
-15 -48 0
-13 -49 0
-14 -50 0
-15 -51 0
-13 -52 0
-14 -53 0
-15 -54 0
-13 -55 0
-14 -56 0
-15 -57 0
-13 -58 0
-14 -59 0
-15 -60 0
-13 -61 0
-14 -62 0
-15 -63 0
-13 -64 0
-14 -65 0
-15 -66 0
-13 -67 0
-14 -68 0
-15 -69 0
-16 -1 0
-17 -2 0
-18 -3 0
-16 -4 0
-17 -5 0
-18 -6 0
-16 -7 0
-17 -8 0
-18 -9 0
-16 -10 0
-17 -11 0
-18 -12 0
-16 -13 0
-17 -14 0
-18 -15 0
-16 -19 0
-17 -20 0
-18 -21 0
-16 -22 0
-17 -23 0
-18 -24 0
-16 -25 0
-17 -26 0
-18 -27 0
-16 -28 0
-17 -29 0
-18 -30 0
-16 -31 0
-17 -32 0
-18 -33 0
-16 -34 0
-17 -35 0
-18 -36 0
-16 -37 0
-17 -38 0
-18 -39 0
-16 -40 0
-17 -41 0
-18 -42 0
-16 -43 0
-17 -44 0
-18 -45 0
-16 -46 0
-17 -47 0
-18 -48 0
-16 -49 0
-17 -50 0
-18 -51 0
-16 -52 0
-17 -53 0
-18 -54 0
-16 -55 0
-17 -56 0
-18 -57 0
-16 -58 0
-17 -59 0
-18 -60 0
-16 -61 0
-17 -62 0
-18 -63 0
-16 -64 0
-17 -65 0
-18 -66 0
-16 -67 0
-17 -68 0
-18 -69 0
-19 -1 0
-20 -2 0
-21 -3 0
-19 -4 0
-20 -5 0
-21 -6 0
-19 -7 0
-20 -8 0
-21 -9 0
-19 -10 0
-20 -11 0
-21 -12 0
-19 -13 0
-20 -14 0
-21 -15 0
-19 -16 0
-20 -17 0
-21 -18 0
-19 -22 0
-20 -23 0
-21 -24 0
-19 -25 0
-20 -26 0
-21 -27 0
-19 -28 0
-20 -29 0
-21 -30 0
-19 -31 0
-20 -32 0
-21 -33 0
-19 -34 0
-20 -35 0
-21 -36 0
-19 -37 0
-20 -38 0
-21 -39 0
-19 -40 0
-20 -41 0
-21 -42 0
-19 -43 0
-20 -44 0
-21 -45 0
-19 -46 0
-20 -47 0
-21 -48 0
-19 -49 0
-20 -50 0
-21 -51 0
-19 -52 0
-20 -53 0
-21 -54 0
-19 -55 0
-20 -56 0
-21 -57 0
-19 -58 0
-20 -59 0
-21 -60 0
-19 -61 0
-20 -62 0
-21 -63 0
-19 -64 0
-20 -65 0
-21 -66 0
-19 -67 0
-20 -68 0
-21 -69 0
-22 -1 0
-23 -2 0
-24 -3 0
-22 -4 0
-23 -5 0
-24 -6 0
-22 -7 0
-23 -8 0
-24 -9 0
-22 -10 0
-23 -11 0
-24 -12 0
-22 -13 0
-23 -14 0
-24 -15 0
-22 -16 0
-23 -17 0
-24 -18 0
-22 -19 0
-23 -20 0
-24 -21 0
-22 -25 0
-23 -26 0
-24 -27 0
-22 -28 0
-23 -29 0
-24 -30 0
-22 -31 0
-23 -32 0
-24 -33 0
-22 -34 0
-23 -35 0
-24 -36 0
-22 -37 0
-23 -38 0
-24 -39 0
-22 -40 0
-23 -41 0
-24 -42 0
-22 -43 0
-23 -44 0
-24 -45 0
-22 -46 0
-23 -47 0
-24 -48 0
-22 -49 0
-23 -50 0
-24 -51 0
-22 -52 0
-23 -53 0
-24 -54 0
-22 -55 0
-23 -56 0
-24 -57 0
-22 -58 0
-23 -59 0
-24 -60 0
-22 -61 0
-23 -62 0
-24 -63 0
-22 -64 0
-23 -65 0
-24 -66 0
-22 -67 0
-23 -68 0
-24 -69 0
-25 -1 0
-26 -2 0
-27 -3 0
-25 -4 0
-26 -5 0
-27 -6 0
-25 -7 0
-26 -8 0
-27 -9 0
-25 -10 0
-26 -11 0
-27 -12 0
-25 -13 0
-26 -14 0
-27 -15 0
-25 -16 0
-26 -17 0
-27 -18 0
-25 -19 0
-26 -20 0
-27 -21 0
-25 -22 0
-26 -23 0
-27 -24 0
-25 -28 0
-26 -29 0
-27 -30 0
-25 -31 0
-26 -32 0
-27 -33 0
-25 -34 0
-26 -35 0
-27 -36 0
-25 -37 0
-26 -38 0
-27 -39 0
-25 -40 0
-26 -41 0
-27 -42 0
-25 -43 0
-26 -44 0
-27 -45 0
-25 -46 0
-26 -47 0
-27 -48 0
-25 -49 0
-26 -50 0
-27 -51 0
-25 -52 0
-26 -53 0
-27 -54 0
-25 -55 0
-26 -56 0
-27 -57 0
-25 -58 0
-26 -59 0
-27 -60 0
-25 -61 0
-26 -62 0
-27 -63 0
-25 -64 0
-26 -65 0
-27 -66 0
-25 -67 0
-26 -68 0
-27 -69 0
-28 -1 0
-29 -2 0
-30 -3 0
-28 -4 0
-29 -5 0
-30 -6 0
-28 -7 0
-29 -8 0
-30 -9 0
-28 -10 0
-29 -11 0
-30 -12 0
-28 -13 0
-29 -14 0
-30 -15 0
-28 -16 0
-29 -17 0
-30 -18 0
-28 -19 0
-29 -20 0
-30 -21 0
-28 -22 0
-29 -23 0
-30 -24 0
-28 -25 0
-29 -26 0
-30 -27 0
-28 -31 0
-29 -32 0
-30 -33 0
-28 -34 0
-29 -35 0
-30 -36 0
-28 -37 0
-29 -38 0
-30 -39 0
-28 -40 0
-29 -41 0
-30 -42 0
-28 -43 0
-29 -44 0
-30 -45 0
-28 -46 0
-29 -47 0
-30 -48 0
-28 -49 0
-29 -50 0
-30 -51 0
-28 -52 0
-29 -53 0
-30 -54 0
-28 -55 0
-29 -56 0
-30 -57 0
-28 -58 0
-29 -59 0
-30 -60 0
-28 -61 0
-29 -62 0
-30 -63 0
-28 -64 0
-29 -65 0
-30 -66 0
-28 -67 0
-29 -68 0
-30 -69 0
-31 -1 0
-32 -2 0
-33 -3 0
-31 -4 0
-32 -5 0
-33 -6 0
-31 -7 0
-32 -8 0
-33 -9 0
-31 -10 0
-32 -11 0
-33 -12 0
-31 -13 0
-32 -14 0
-33 -15 0
-31 -16 0
-32 -17 0
-33 -18 0
-31 -19 0
-32 -20 0
-33 -21 0
-31 -22 0
-32 -23 0
-33 -24 0
-31 -25 0
-32 -26 0
-33 -27 0
-31 -28 0
-32 -29 0
-33 -30 0
-31 -34 0
-32 -35 0
-33 -36 0
-31 -37 0
-32 -38 0
-33 -39 0
-31 -40 0
-32 -41 0
-33 -42 0
-31 -43 0
-32 -44 0
-33 -45 0
-31 -46 0
-32 -47 0
-33 -48 0
-31 -49 0
-32 -50 0
-33 -51 0
-31 -52 0
-32 -53 0
-33 -54 0
-31 -55 0
-32 -56 0
-33 -57 0
-31 -58 0
-32 -59 0
-33 -60 0
-31 -61 0
-32 -62 0
-33 -63 0
-31 -64 0
-32 -65 0
-33 -66 0
-31 -67 0
-32 -68 0
-33 -69 0
-34 -1 0
-35 -2 0
-36 -3 0
-34 -4 0
-35 -5 0
-36 -6 0
-34 -7 0
-35 -8 0
-36 -9 0
-34 -10 0
-35 -11 0
-36 -12 0
-34 -13 0
-35 -14 0
-36 -15 0
-34 -16 0
-35 -17 0
-36 -18 0
-34 -19 0
-35 -20 0
-36 -21 0
-34 -22 0
-35 -23 0
-36 -24 0
-34 -25 0
-35 -26 0
-36 -27 0
-34 -28 0
-35 -29 0
-36 -30 0
-34 -31 0
-35 -32 0
-36 -33 0
-34 -37 0
-35 -38 0
-36 -39 0
-34 -40 0
-35 -41 0
-36 -42 0
-34 -43 0
-35 -44 0
-36 -45 0
-34 -46 0
-35 -47 0
-36 -48 0
-34 -49 0
-35 -50 0
-36 -51 0
-34 -52 0
-35 -53 0
-36 -54 0
-34 -55 0
-35 -56 0
-36 -57 0
-34 -58 0
-35 -59 0
-36 -60 0
-34 -61 0
-35 -62 0
-36 -63 0
-34 -64 0
-35 -65 0
-36 -66 0
-34 -67 0
-35 -68 0
-36 -69 0
-37 -1 0
-38 -2 0
-39 -3 0
-37 -4 0
-38 -5 0
-39 -6 0
-37 -7 0
-38 -8 0
-39 -9 0
-37 -10 0
-38 -11 0
-39 -12 0
-37 -13 0
-38 -14 0
-39 -15 0
-37 -16 0
-38 -17 0
-39 -18 0
-37 -19 0
-38 -20 0
-39 -21 0
-37 -22 0
-38 -23 0
-39 -24 0
-37 -25 0
-38 -26 0
-39 -27 0
-37 -28 0
-38 -29 0
-39 -30 0
-37 -31 0
-38 -32 0
-39 -33 0
-37 -34 0
-38 -35 0
-39 -36 0
-37 -40 0
-38 -41 0
-39 -42 0
-37 -43 0
-38 -44 0
-39 -45 0
-37 -46 0
-38 -47 0
-39 -48 0
-37 -49 0
-38 -50 0
-39 -51 0
-37 -52 0
-38 -53 0
-39 -54 0
-37 -55 0
-38 -56 0
-39 -57 0
-37 -58 0
-38 -59 0
-39 -60 0
-37 -61 0
-38 -62 0
-39 -63 0
-37 -64 0
-38 -65 0
-39 -66 0
-37 -67 0
-38 -68 0
-39 -69 0
-40 -1 0
-41 -2 0
-42 -3 0
-40 -4 0
-41 -5 0
-42 -6 0
-40 -7 0
-41 -8 0
-42 -9 0
-40 -10 0
-41 -11 0
-42 -12 0
-40 -13 0
-41 -14 0
-42 -15 0
-40 -16 0
-41 -17 0
-42 -18 0
-40 -19 0
-41 -20 0
-42 -21 0
-40 -22 0
-41 -23 0
-42 -24 0
-40 -25 0
-41 -26 0
-42 -27 0
-40 -28 0
-41 -29 0
-42 -30 0
-40 -31 0
-41 -32 0
-42 -33 0
-40 -34 0
-41 -35 0
-42 -36 0
-40 -37 0
-41 -38 0
-42 -39 0
-40 -43 0
-41 -44 0
-42 -45 0
-40 -46 0
-41 -47 0
-42 -48 0
-40 -49 0
-41 -50 0
-42 -51 0
-40 -52 0
-41 -53 0
-42 -54 0
-40 -55 0
-41 -56 0
-42 -57 0
-40 -58 0
-41 -59 0
-42 -60 0
-40 -61 0
-41 -62 0
-42 -63 0
-40 -64 0
-41 -65 0
-42 -66 0
-40 -67 0
-41 -68 0
-42 -69 0
-43 -1 0
-44 -2 0
-45 -3 0
-43 -4 0
-44 -5 0
-45 -6 0
-43 -7 0
-44 -8 0
-45 -9 0
-43 -10 0
-44 -11 0
-45 -12 0
-43 -13 0
-44 -14 0
-45 -15 0
-43 -16 0
-44 -17 0
-45 -18 0
-43 -19 0
-44 -20 0
-45 -21 0
-43 -22 0
-44 -23 0
-45 -24 0
-43 -25 0
-44 -26 0
-45 -27 0
-43 -28 0
-44 -29 0
-45 -30 0
-43 -31 0
-44 -32 0
-45 -33 0
-43 -34 0
-44 -35 0
-45 -36 0
-43 -37 0
-44 -38 0
-45 -39 0
-43 -40 0
-44 -41 0
-45 -42 0
-43 -46 0
-44 -47 0
-45 -48 0
-43 -49 0
-44 -50 0
-45 -51 0
-43 -52 0
-44 -53 0
-45 -54 0
-43 -55 0
-44 -56 0
-45 -57 0
-43 -58 0
-44 -59 0
-45 -60 0
-43 -61 0
-44 -62 0
-45 -63 0
-43 -64 0
-44 -65 0
-45 -66 0
-43 -67 0
-44 -68 0
-45 -69 0
-46 -1 0
-47 -2 0
-48 -3 0
-46 -4 0
-47 -5 0
-48 -6 0
-46 -7 0
-47 -8 0
-48 -9 0
-46 -10 0
-47 -11 0
-48 -12 0
-46 -13 0
-47 -14 0
-48 -15 0
-46 -16 0
-47 -17 0
-48 -18 0
-46 -19 0
-47 -20 0
-48 -21 0
-46 -22 0
-47 -23 0
-48 -24 0
-46 -25 0
-47 -26 0
-48 -27 0
-46 -28 0
-47 -29 0
-48 -30 0
-46 -31 0
-47 -32 0
-48 -33 0
-46 -34 0
-47 -35 0
-48 -36 0
-46 -37 0
-47 -38 0
-48 -39 0
-46 -40 0
-47 -41 0
-48 -42 0
-46 -43 0
-47 -44 0
-48 -45 0
-46 -49 0
-47 -50 0
-48 -51 0
-46 -52 0
-47 -53 0
-48 -54 0
-46 -55 0
-47 -56 0
-48 -57 0
-46 -58 0
-47 -59 0
-48 -60 0
-46 -61 0
-47 -62 0
-48 -63 0
-46 -64 0
-47 -65 0
-48 -66 0
-46 -67 0
-47 -68 0
-48 -69 0
-49 -1 0
-50 -2 0
-51 -3 0
-49 -4 0
-50 -5 0
-51 -6 0
-49 -7 0
-50 -8 0
-51 -9 0
-49 -10 0
-50 -11 0
-51 -12 0
-49 -13 0
-50 -14 0
-51 -15 0
-49 -16 0
-50 -17 0
-51 -18 0
-49 -19 0
-50 -20 0
-51 -21 0
-49 -22 0
-50 -23 0
-51 -24 0
-49 -25 0
-50 -26 0
-51 -27 0
-49 -28 0
-50 -29 0
-51 -30 0
-49 -31 0
-50 -32 0
-51 -33 0
-49 -34 0
-50 -35 0
-51 -36 0
-49 -37 0
-50 -38 0
-51 -39 0
-49 -40 0
-50 -41 0
-51 -42 0
-49 -43 0
-50 -44 0
-51 -45 0
-49 -46 0
-50 -47 0
-51 -48 0
-49 -52 0
-50 -53 0
-51 -54 0
-49 -55 0
-50 -56 0
-51 -57 0
-49 -58 0
-50 -59 0
-51 -60 0
-49 -61 0
-50 -62 0
-51 -63 0
-49 -64 0
-50 -65 0
-51 -66 0
-49 -67 0
-50 -68 0
-51 -69 0
-52 -1 0
-53 -2 0
-54 -3 0
-52 -4 0
-53 -5 0
-54 -6 0
-52 -7 0
-53 -8 0
-54 -9 0
-52 -10 0
-53 -11 0
-54 -12 0
-52 -13 0
-53 -14 0
-54 -15 0
-52 -16 0
-53 -17 0
-54 -18 0
-52 -19 0
-53 -20 0
-54 -21 0
-52 -22 0
-53 -23 0
-54 -24 0
-52 -25 0
-53 -26 0
-54 -27 0
-52 -28 0
-53 -29 0
-54 -30 0
-52 -31 0
-53 -32 0
-54 -33 0
-52 -34 0
-53 -35 0
-54 -36 0
-52 -37 0
-53 -38 0
-54 -39 0
-52 -40 0
-53 -41 0
-54 -42 0
-52 -43 0
-53 -44 0
-54 -45 0
-52 -46 0
-53 -47 0
-54 -48 0
-52 -49 0
-53 -50 0
-54 -51 0
-52 -55 0
-53 -56 0
-54 -57 0
-52 -58 0
-53 -59 0
-54 -60 0
-52 -61 0
-53 -62 0
-54 -63 0
-52 -64 0
-53 -65 0
-54 -66 0
-52 -67 0
-53 -68 0
-54 -69 0
-55 -1 0
-56 -2 0
-57 -3 0
-55 -4 0
-56 -5 0
-57 -6 0
-55 -7 0
-56 -8 0
-57 -9 0
-55 -10 0
-56 -11 0
-57 -12 0
-55 -13 0
-56 -14 0
-57 -15 0
-55 -16 0
-56 -17 0
-57 -18 0
-55 -19 0
-56 -20 0
-57 -21 0
-55 -22 0
-56 -23 0
-57 -24 0
-55 -25 0
-56 -26 0
-57 -27 0
-55 -28 0
-56 -29 0
-57 -30 0
-55 -31 0
-56 -32 0
-57 -33 0
-55 -34 0
-56 -35 0
-57 -36 0
-55 -37 0
-56 -38 0
-57 -39 0
-55 -40 0
-56 -41 0
-57 -42 0
-55 -43 0
-56 -44 0
-57 -45 0
-55 -46 0
-56 -47 0
-57 -48 0
-55 -49 0
-56 -50 0
-57 -51 0
-55 -52 0
-56 -53 0
-57 -54 0
-55 -58 0
-56 -59 0
-57 -60 0
-55 -61 0
-56 -62 0
-57 -63 0
-55 -64 0
-56 -65 0
-57 -66 0
-55 -67 0
-56 -68 0
-57 -69 0
-58 -1 0
-59 -2 0
-60 -3 0
-58 -4 0
-59 -5 0
-60 -6 0
-58 -7 0
-59 -8 0
-60 -9 0
-58 -10 0
-59 -11 0
-60 -12 0
-58 -13 0
-59 -14 0
-60 -15 0
-58 -16 0
-59 -17 0
-60 -18 0
-58 -19 0
-59 -20 0
-60 -21 0
-58 -22 0
-59 -23 0
-60 -24 0
-58 -25 0
-59 -26 0
-60 -27 0
-58 -28 0
-59 -29 0
-60 -30 0
-58 -31 0
-59 -32 0
-60 -33 0
-58 -34 0
-59 -35 0
-60 -36 0
-58 -37 0
-59 -38 0
-60 -39 0
-58 -40 0
-59 -41 0
-60 -42 0
-58 -43 0
-59 -44 0
-60 -45 0
-58 -46 0
-59 -47 0
-60 -48 0
-58 -49 0
-59 -50 0
-60 -51 0
-58 -52 0
-59 -53 0
-60 -54 0
-58 -55 0
-59 -56 0
-60 -57 0
-58 -61 0
-59 -62 0
-60 -63 0
-58 -64 0
-59 -65 0
-60 -66 0
-58 -67 0
-59 -68 0
-60 -69 0
-61 -1 0
-62 -2 0
-63 -3 0
-61 -4 0
-62 -5 0
-63 -6 0
-61 -7 0
-62 -8 0
-63 -9 0
-61 -10 0
-62 -11 0
-63 -12 0
-61 -13 0
-62 -14 0
-63 -15 0
-61 -16 0
-62 -17 0
-63 -18 0
-61 -19 0
-62 -20 0
-63 -21 0
-61 -22 0
-62 -23 0
-63 -24 0
-61 -25 0
-62 -26 0
-63 -27 0
-61 -28 0
-62 -29 0
-63 -30 0
-61 -31 0
-62 -32 0
-63 -33 0
-61 -34 0
-62 -35 0
-63 -36 0
-61 -37 0
-62 -38 0
-63 -39 0
-61 -40 0
-62 -41 0
-63 -42 0
-61 -43 0
-62 -44 0
-63 -45 0
-61 -46 0
-62 -47 0
-63 -48 0
-61 -49 0
-62 -50 0
-63 -51 0
-61 -52 0
-62 -53 0
-63 -54 0
-61 -55 0
-62 -56 0
-63 -57 0
-61 -58 0
-62 -59 0
-63 -60 0
-61 -64 0
-62 -65 0
-63 -66 0
-61 -67 0
-62 -68 0
-63 -69 0
-64 -1 0
-65 -2 0
-66 -3 0
-64 -4 0
-65 -5 0
-66 -6 0
-64 -7 0
-65 -8 0
-66 -9 0
-64 -10 0
-65 -11 0
-66 -12 0
-64 -13 0
-65 -14 0
-66 -15 0
-64 -16 0
-65 -17 0
-66 -18 0
-64 -19 0
-65 -20 0
-66 -21 0
-64 -22 0
-65 -23 0
-66 -24 0
-64 -25 0
-65 -26 0
-66 -27 0
-64 -28 0
-65 -29 0
-66 -30 0
-64 -31 0
-65 -32 0
-66 -33 0
-64 -34 0
-65 -35 0
-66 -36 0
-64 -37 0
-65 -38 0
-66 -39 0
-64 -40 0
-65 -41 0
-66 -42 0
-64 -43 0
-65 -44 0
-66 -45 0
-64 -46 0
-65 -47 0
-66 -48 0
-64 -49 0
-65 -50 0
-66 -51 0
-64 -52 0
-65 -53 0
-66 -54 0
-64 -55 0
-65 -56 0
-66 -57 0
-64 -58 0
-65 -59 0
-66 -60 0
-64 -61 0
-65 -62 0
-66 -63 0
-64 -67 0
-65 -68 0
-66 -69 0
-67 -1 0
-68 -2 0
-69 -3 0
-67 -4 0
-68 -5 0
-69 -6 0
-67 -7 0
-68 -8 0
-69 -9 0
-67 -10 0
-68 -11 0
-69 -12 0
-67 -13 0
-68 -14 0
-69 -15 0
-67 -16 0
-68 -17 0
-69 -18 0
-67 -19 0
-68 -20 0
-69 -21 0
-67 -22 0
-68 -23 0
-69 -24 0
-67 -25 0
-68 -26 0
-69 -27 0
-67 -28 0
-68 -29 0
-69 -30 0
-67 -31 0
-68 -32 0
-69 -33 0
-67 -34 0
-68 -35 0
-69 -36 0
-67 -37 0
-68 -38 0
-69 -39 0
-67 -40 0
-68 -41 0
-69 -42 0
-67 -43 0
-68 -44 0
-69 -45 0
-67 -46 0
-68 -47 0
-69 -48 0
-67 -49 0
-68 -50 0
-69 -51 0
-67 -52 0
-68 -53 0
-69 -54 0
-67 -55 0
-68 -56 0
-69 -57 0
-67 -58 0
-68 -59 0
-69 -60 0
-67 -61 0
-68 -62 0
-69 -63 0
-67 -64 0
-68 -65 0
-69 -66 0
-70 -1 0
-71 -2 0
-72 -3 0
-70 -43 0
-71 -44 0
-72 -45 0